# Blender v2.82 (sub 7) OBJ File: 'randomize-transform.blend'
# www.blender.org
mtllib randomize3.mtl
v 1.411887 -1.499661 -0.259659
v 1.411887 0.406726 -0.259659
v 2.415061 -1.499661 0.422705
v 2.415061 0.406726 0.422705
v -0.351426 -1.499661 2.332670
v -0.351426 0.406726 2.332670
v 0.651748 -1.499661 3.015034
v 0.651748 0.406726 3.015034
vt 0.375000 0.000000
vt 0.625000 0.000000
vt 0.625000 0.250000
vt 0.375000 0.250000
vt 0.625000 0.500000
vt 0.375000 0.500000
vt 0.625000 0.750000
vt 0.375000 0.750000
vt 0.625000 1.000000
vt 0.375000 1.000000
vt 0.125000 0.500000
vt 0.125000 0.750000
vt 0.875000 0.500000
vt 0.875000 0.750000
vn 0.5624 0.0000 -0.8268
vn 0.8268 0.0000 0.5624
vn -0.5624 0.0000 0.8268
vn -0.8268 0.0000 -0.5624
vn 0.0000 -1.0000 -0.0000
vn 0.0000 1.0000 0.0000
usemtl Material.003
s off
f 1/1/1 2/2/1 4/3/1 3/4/1
f 3/4/2 4/3/2 8/5/2 7/6/2
f 7/6/3 8/5/3 6/7/3 5/8/3
f 5/8/4 6/7/4 2/9/4 1/10/4
f 3/11/5 7/6/5 5/8/5 1/12/5
f 8/5/6 4/13/6 2/14/6 6/7/6
v -0.045802 -1.933325 7.196681
v 2.632293 -1.933325 4.732940
v -0.045802 1.997817 7.196681
v 0.632610 -1.933325 7.934116
v 3.310705 -1.933325 5.470376
v 0.632610 1.997817 7.934116
v 3.310705 1.997817 5.470376
v 2.632293 1.997817 4.732940
vt 0.125000 0.500000
vt 0.375000 0.500000
vt 0.375000 0.750000
vt 0.125000 0.750000
vt 0.375000 0.000000
vt 0.625000 0.000000
vt 0.625000 0.250000
vt 0.375000 0.250000
vt 0.625000 0.750000
vt 0.625000 1.000000
vt 0.375000 1.000000
vt 0.625000 0.500000
vt 0.875000 0.500000
vt 0.875000 0.750000
vn 0.0000 -1.0000 -0.0000
vn -0.6770 0.0000 -0.7359
vn -0.7359 0.0000 0.6770
vn 0.6770 0.0000 0.7359
vn 0.0000 1.0000 0.0000
vn 0.7359 0.0000 -0.6770
usemtl Material.003
s off
f 10/15/7 13/16/7 12/17/7 9/18/7
f 9/19/8 11/20/8 16/21/8 10/22/8
f 12/17/9 14/23/9 11/24/9 9/25/9
f 13/16/10 15/26/10 14/23/10 12/17/10
f 15/26/11 16/27/11 11/28/11 14/23/11
f 10/22/12 16/21/12 15/26/12 13/16/12
v 0.663288 -2.174529 13.044646
v 0.825618 -2.174529 12.675999
v 0.663288 -0.437841 13.044646
v 2.391709 -2.174529 13.805738
v 2.554039 -2.174529 13.437091
v 2.391709 -0.437841 13.805738
v 2.554039 -0.437841 13.437091
v 0.825618 -0.437841 12.675999
vt 0.125000 0.500000
vt 0.375000 0.500000
vt 0.375000 0.750000
vt 0.125000 0.750000
vt 0.375000 0.000000
vt 0.625000 0.000000
vt 0.625000 0.250000
vt 0.375000 0.250000
vt 0.625000 0.750000
vt 0.625000 1.000000
vt 0.375000 1.000000
vt 0.625000 0.500000
vt 0.875000 0.500000
vt 0.875000 0.750000
vn 0.0000 -1.0000 -0.0000
vn -0.9152 0.0000 -0.4030
vn -0.4030 0.0000 0.9152
vn 0.9152 0.0000 0.4030
vn 0.0000 1.0000 0.0000
vn 0.4030 0.0000 -0.9152
usemtl Material.003
s off
f 18/29/13 21/30/13 20/31/13 17/32/13
f 17/33/14 19/34/14 24/35/14 18/36/14
f 20/31/15 22/37/15 19/38/15 17/39/15
f 21/30/16 23/40/16 22/37/16 20/31/16
f 23/40/17 24/41/17 19/42/17 22/37/17
f 18/36/18 24/35/18 23/40/18 21/30/18
v 3.186308 3.182168 17.242466
v 3.330896 3.182168 19.432497
v 3.186308 3.238335 17.242466
v -0.026808 3.182168 17.454599
v 0.117780 3.182168 19.644630
v -0.026808 3.238335 17.454599
v 0.117780 3.238335 19.644630
v 3.330896 3.238335 19.432497
vt 0.125000 0.500000
vt 0.375000 0.500000
vt 0.375000 0.750000
vt 0.125000 0.750000
vt 0.375000 0.000000
vt 0.625000 0.000000
vt 0.625000 0.250000
vt 0.375000 0.250000
vt 0.625000 0.750000
vt 0.625000 1.000000
vt 0.375000 1.000000
vt 0.625000 0.500000
vt 0.875000 0.500000
vt 0.875000 0.750000
vn 0.0000 -1.0000 -0.0000
vn 0.9978 0.0000 -0.0659
vn -0.0659 0.0000 -0.9978
vn -0.9978 0.0000 0.0659
vn 0.0000 1.0000 0.0000
vn 0.0659 0.0000 0.9978
usemtl Material.003
s off
f 26/43/19 29/44/19 28/45/19 25/46/19
f 25/47/20 27/48/20 32/49/20 26/50/20
f 28/45/21 30/51/21 27/52/21 25/53/21
f 29/44/22 31/54/22 30/51/22 28/45/22
f 31/54/23 32/55/23 27/56/23 30/51/23
f 26/50/24 32/49/24 31/54/24 29/44/24
v -0.822131 1.584525 23.125347
v 0.152718 1.584525 23.164705
v -0.822131 2.885342 23.125347
v -0.962130 1.584525 26.592932
v 0.012720 1.584525 26.632290
v -0.962130 2.885342 26.592932
v 0.012720 2.885342 26.632290
v 0.152718 2.885342 23.164705
vt 0.125000 0.500000
vt 0.375000 0.500000
vt 0.375000 0.750000
vt 0.125000 0.750000
vt 0.375000 0.000000
vt 0.625000 0.000000
vt 0.625000 0.250000
vt 0.375000 0.250000
vt 0.625000 0.750000
vt 0.625000 1.000000
vt 0.375000 1.000000
vt 0.625000 0.500000
vt 0.875000 0.500000
vt 0.875000 0.750000
vn 0.0000 -1.0000 -0.0000
vn 0.0403 0.0000 -0.9992
vn -0.9992 0.0000 -0.0403
vn -0.0403 0.0000 0.9992
vn 0.0000 1.0000 0.0000
vn 0.9992 0.0000 0.0403
usemtl Material.003
s off
f 34/57/25 37/58/25 36/59/25 33/60/25
f 33/61/26 35/62/26 40/63/26 34/64/26
f 36/59/27 38/65/27 35/66/27 33/67/27
f 37/58/28 39/68/28 38/65/28 36/59/28
f 39/68/29 40/69/29 35/70/29 38/65/29
f 34/64/30 40/63/30 39/68/30 37/58/30
v -2.029355 -0.175635 31.927704
v -2.134885 -0.175635 31.623716
v -2.029355 1.104583 31.927704
v -0.336578 -0.175635 31.340052
v -0.442108 -0.175635 31.036064
v -0.336578 1.104583 31.340052
v -0.442108 1.104583 31.036064
v -2.134885 1.104583 31.623716
vt 0.125000 0.500000
vt 0.375000 0.500000
vt 0.375000 0.750000
vt 0.125000 0.750000
vt 0.375000 0.000000
vt 0.625000 0.000000
vt 0.625000 0.250000
vt 0.375000 0.250000
vt 0.625000 0.750000
vt 0.625000 1.000000
vt 0.375000 1.000000
vt 0.625000 0.500000
vt 0.875000 0.500000
vt 0.875000 0.750000
vn 0.0000 -1.0000 0.0000
vn -0.9447 0.0000 0.3280
vn 0.3280 0.0000 0.9447
vn 0.9447 0.0000 -0.3280
vn 0.0000 1.0000 0.0000
vn -0.3280 0.0000 -0.9447
usemtl Material.003
s off
f 42/71/31 45/72/31 44/73/31 41/74/31
f 41/75/32 43/76/32 48/77/32 42/78/32
f 44/73/33 46/79/33 43/80/33 41/81/33
f 45/72/34 47/82/34 46/79/34 44/73/34
f 47/82/35 48/83/35 43/84/35 46/79/35
f 42/78/36 48/77/36 47/82/36 45/72/36
v 0.220025 -4.617359 34.792007
v 2.285858 -4.617359 34.157314
v 0.220025 -0.762005 34.792007
v 1.176813 -4.617359 37.906208
v 3.242646 -4.617359 37.271515
v 1.176813 -0.762005 37.906208
v 3.242646 -0.762005 37.271515
v 2.285858 -0.762005 34.157314
vt 0.125000 0.500000
vt 0.375000 0.500000
vt 0.375000 0.750000
vt 0.125000 0.750000
vt 0.375000 0.000000
vt 0.625000 0.000000
vt 0.625000 0.250000
vt 0.375000 0.250000
vt 0.625000 0.750000
vt 0.625000 1.000000
vt 0.375000 1.000000
vt 0.625000 0.500000
vt 0.875000 0.500000
vt 0.875000 0.750000
vn 0.0000 -1.0000 -0.0000
vn -0.2937 0.0000 -0.9559
vn -0.9559 0.0000 0.2937
vn 0.2937 0.0000 0.9559
vn 0.0000 1.0000 0.0000
vn 0.9559 0.0000 -0.2937
usemtl Material.003
s off
f 50/85/37 53/86/37 52/87/37 49/88/37
f 49/89/38 51/90/38 56/91/38 50/92/38
f 52/87/39 54/93/39 51/94/39 49/95/39
f 53/86/40 55/96/40 54/93/40 52/87/40
f 55/96/41 56/97/41 51/98/41 54/93/41
f 50/92/42 56/91/42 55/96/42 53/86/42
v -0.252051 -0.751935 42.069798
v 0.421532 -0.751935 41.723110
v -0.252051 -0.005017 42.069798
v 0.279404 -0.751935 43.102375
v 0.952988 -0.751935 42.755688
v 0.279404 -0.005017 43.102375
v 0.952988 -0.005017 42.755688
v 0.421532 -0.005017 41.723110
vt 0.125000 0.500000
vt 0.375000 0.500000
vt 0.375000 0.750000
vt 0.125000 0.750000
vt 0.375000 0.000000
vt 0.625000 0.000000
vt 0.625000 0.250000
vt 0.375000 0.250000
vt 0.625000 0.750000
vt 0.625000 1.000000
vt 0.375000 1.000000
vt 0.625000 0.500000
vt 0.875000 0.500000
vt 0.875000 0.750000
vn 0.0000 -1.0000 -0.0000
vn -0.4576 0.0000 -0.8891
vn -0.8891 0.0000 0.4576
vn 0.4576 0.0000 0.8891
vn 0.0000 1.0000 0.0000
vn 0.8891 0.0000 -0.4576
usemtl Material.003
s off
f 58/99/43 61/100/43 60/101/43 57/102/43
f 57/103/44 59/104/44 64/105/44 58/106/44
f 60/101/45 62/107/45 59/108/45 57/109/45
f 61/100/46 63/110/46 62/107/46 60/101/46
f 63/110/47 64/111/47 59/112/47 62/107/47
f 58/106/48 64/105/48 63/110/48 61/100/48
v 0.539982 -1.957813 50.949486
v -1.869212 -1.957813 48.593300
v 0.539982 1.634880 50.949486
v 3.122487 -1.957813 48.308884
v 0.713293 -1.957813 45.952698
v 3.122487 1.634880 48.308884
v 0.713293 1.634880 45.952698
v -1.869212 1.634880 48.593300
vt 0.125000 0.500000
vt 0.375000 0.500000
vt 0.375000 0.750000
vt 0.125000 0.750000
vt 0.375000 0.000000
vt 0.625000 0.000000
vt 0.625000 0.250000
vt 0.375000 0.250000
vt 0.625000 0.750000
vt 0.625000 1.000000
vt 0.375000 1.000000
vt 0.625000 0.500000
vt 0.875000 0.500000
vt 0.875000 0.750000
vn 0.0000 -1.0000 -0.0000
vn -0.6992 0.0000 0.7149
vn 0.7149 0.0000 0.6992
vn 0.6992 0.0000 -0.7149
vn 0.0000 1.0000 0.0000
vn -0.7149 0.0000 -0.6992
usemtl Material.003
s off
f 66/113/49 69/114/49 68/115/49 65/116/49
f 65/117/50 67/118/50 72/119/50 66/120/50
f 68/115/51 70/121/51 67/122/51 65/123/51
f 69/114/52 71/124/52 70/121/52 68/115/52
f 71/124/53 72/125/53 67/126/53 70/121/53
f 66/120/54 72/119/54 71/124/54 69/114/54
v -0.734813 -1.927486 57.991436
v -2.086750 -1.927486 54.676353
v -0.734813 0.431719 57.991436
v 2.411550 -1.927486 56.708305
v 1.059613 -1.927486 53.393223
v 2.411550 0.431719 56.708305
v 1.059613 0.431719 53.393223
v -2.086750 0.431719 54.676353
vt 0.125000 0.500000
vt 0.375000 0.500000
vt 0.375000 0.750000
vt 0.125000 0.750000
vt 0.375000 0.000000
vt 0.625000 0.000000
vt 0.625000 0.250000
vt 0.375000 0.250000
vt 0.625000 0.750000
vt 0.625000 1.000000
vt 0.375000 1.000000
vt 0.625000 0.500000
vt 0.875000 0.500000
vt 0.875000 0.750000
vn 0.0000 -1.0000 0.0000
vn -0.9260 0.0000 0.3776
vn 0.3776 0.0000 0.9260
vn 0.9260 0.0000 -0.3776
vn 0.0000 1.0000 -0.0000
vn -0.3776 0.0000 -0.9260
usemtl Material.003
s off
f 74/127/55 77/128/55 76/129/55 73/130/55
f 73/131/56 75/132/56 80/133/56 74/134/56
f 76/129/57 78/135/57 75/136/57 73/137/57
f 77/128/58 79/138/58 78/135/58 76/129/58
f 79/138/59 80/139/59 75/140/59 78/135/59
f 74/134/60 80/133/60 79/138/60 77/128/60
v -0.329358 -1.565692 63.256634
v -0.614990 -1.565692 63.092381
v -0.329358 0.885440 63.256634
v 1.252550 -1.565692 60.505741
v 0.966918 -1.565692 60.341488
v 1.252550 0.885440 60.505741
v 0.966918 0.885440 60.341488
v -0.614990 0.885440 63.092381
vt 0.125000 0.500000
vt 0.375000 0.500000
vt 0.375000 0.750000
vt 0.125000 0.750000
vt 0.375000 0.000000
vt 0.625000 0.000000
vt 0.625000 0.250000
vt 0.375000 0.250000
vt 0.625000 0.750000
vt 0.625000 1.000000
vt 0.375000 1.000000
vt 0.625000 0.500000
vt 0.875000 0.500000
vt 0.875000 0.750000
vn 0.0000 -1.0000 0.0000
vn -0.4985 0.0000 0.8669
vn 0.8669 0.0000 0.4985
vn 0.4985 0.0000 -0.8669
vn 0.0000 1.0000 0.0000
vn -0.8669 0.0000 -0.4985
usemtl Material.003
s off
f 82/141/61 85/142/61 84/143/61 81/144/61
f 81/145/62 83/146/62 88/147/62 82/148/62
f 84/143/63 86/149/63 83/150/63 81/151/63
f 85/142/64 87/152/64 86/149/64 84/143/64
f 87/152/65 88/153/65 83/154/65 86/149/65
f 82/148/66 88/147/66 87/152/66 85/142/66
v 1.994435 1.709061 65.205750
v -0.361266 1.709061 67.339401
v 1.994435 3.039206 65.205750
v 1.402445 1.709061 64.552155
v -0.953257 1.709061 66.685806
v 1.402445 3.039206 64.552155
v -0.953257 3.039206 66.685806
v -0.361266 3.039206 67.339401
vt 0.125000 0.500000
vt 0.375000 0.500000
vt 0.375000 0.750000
vt 0.125000 0.750000
vt 0.375000 0.000000
vt 0.625000 0.000000
vt 0.625000 0.250000
vt 0.375000 0.250000
vt 0.625000 0.750000
vt 0.625000 1.000000
vt 0.375000 1.000000
vt 0.625000 0.500000
vt 0.875000 0.500000
vt 0.875000 0.750000
vn 0.0000 -1.0000 -0.0000
vn 0.6713 0.0000 0.7412
vn 0.7412 0.0000 -0.6713
vn -0.6713 0.0000 -0.7412
vn 0.0000 1.0000 0.0000
vn -0.7412 0.0000 0.6713
usemtl Material.003
s off
f 90/155/67 93/156/67 92/157/67 89/158/67
f 89/159/68 91/160/68 96/161/68 90/162/68
f 92/157/69 94/163/69 91/164/69 89/165/69
f 93/156/70 95/166/70 94/163/70 92/157/70
f 95/166/71 96/167/71 91/168/71 94/163/71
f 90/162/72 96/161/72 95/166/72 93/156/72
v -3.367651 -3.794232 72.114388
v -1.456892 -3.794232 71.157898
v -3.367651 -1.071875 72.114388
v -1.738247 -3.794232 75.369400
v 0.172512 -3.794232 74.412910
v -1.738247 -1.071875 75.369400
v 0.172512 -1.071875 74.412910
v -1.456892 -1.071875 71.157898
vt 0.125000 0.500000
vt 0.375000 0.500000
vt 0.375000 0.750000
vt 0.125000 0.750000
vt 0.375000 0.000000
vt 0.625000 0.000000
vt 0.625000 0.250000
vt 0.375000 0.250000
vt 0.625000 0.750000
vt 0.625000 1.000000
vt 0.375000 1.000000
vt 0.625000 0.500000
vt 0.875000 0.500000
vt 0.875000 0.750000
vn 0.0000 -1.0000 0.0000
vn -0.4476 0.0000 -0.8942
vn -0.8942 0.0000 0.4476
vn 0.4476 0.0000 0.8942
vn 0.0000 1.0000 0.0000
vn 0.8942 0.0000 -0.4476
usemtl Material.003
s off
f 98/169/73 101/170/73 100/171/73 97/172/73
f 97/173/74 99/174/74 104/175/74 98/176/74
f 100/171/75 102/177/75 99/178/75 97/179/75
f 101/170/76 103/180/76 102/177/76 100/171/76
f 103/180/77 104/181/77 99/182/77 102/177/77
f 98/176/78 104/175/78 103/180/78 101/170/78
v 1.918480 0.688335 74.710098
v 2.018221 0.688335 74.816124
v 1.918480 0.774881 74.710098
v -0.938222 0.688335 77.397453
v -0.838480 0.688335 77.503479
v -0.938222 0.774881 77.397453
v -0.838480 0.774881 77.503479
v 2.018221 0.774881 74.816124
vt 0.125000 0.500000
vt 0.375000 0.500000
vt 0.375000 0.750000
vt 0.125000 0.750000
vt 0.375000 0.000000
vt 0.625000 0.000000
vt 0.625000 0.250000
vt 0.375000 0.250000
vt 0.625000 0.750000
vt 0.625000 1.000000
vt 0.375000 1.000000
vt 0.625000 0.500000
vt 0.875000 0.500000
vt 0.875000 0.750000
vn 0.0000 -1.0000 0.0000
vn 0.7284 0.0000 -0.6852
vn -0.6852 0.0000 -0.7284
vn -0.7284 0.0000 0.6852
vn 0.0000 1.0000 0.0000
vn 0.6852 0.0000 0.7284
usemtl Material.003
s off
f 106/183/79 109/184/79 108/185/79 105/186/79
f 105/187/80 107/188/80 112/189/80 106/190/80
f 108/185/81 110/191/81 107/192/81 105/193/81
f 109/184/82 111/194/82 110/191/82 108/185/82
f 111/194/83 112/195/83 107/196/83 110/191/83
f 106/190/84 112/189/84 111/194/84 109/184/84
v -0.492340 -2.790602 86.214539
v -2.063040 -2.790602 85.557785
v -0.492340 -2.384601 86.214539
v -0.457185 -2.790602 86.130463
v -2.027885 -2.790602 85.473709
v -0.457185 -2.384601 86.130463
v -2.027885 -2.384601 85.473709
v -2.063040 -2.384601 85.557785
vt 0.125000 0.500000
vt 0.375000 0.500000
vt 0.375000 0.750000
vt 0.125000 0.750000
vt 0.375000 0.000000
vt 0.625000 0.000000
vt 0.625000 0.250000
vt 0.375000 0.250000
vt 0.625000 0.750000
vt 0.625000 1.000000
vt 0.375000 1.000000
vt 0.625000 0.500000
vt 0.875000 0.500000
vt 0.875000 0.750000
vn 0.0000 -1.0000 -0.0000
vn -0.3858 0.0000 0.9226
vn 0.9226 0.0000 0.3857
vn 0.3858 0.0000 -0.9226
vn 0.0000 1.0000 0.0000
vn -0.9226 0.0000 -0.3858
usemtl Material.003
s off
f 114/197/85 117/198/85 116/199/85 113/200/85
f 113/201/86 115/202/86 120/203/86 114/204/86
f 116/199/87 118/205/87 115/206/87 113/207/87
f 117/198/88 119/208/88 118/205/88 116/199/88
f 119/208/89 120/209/89 115/210/89 118/205/89
f 114/204/90 120/203/90 119/208/90 117/198/90
v -1.320272 -0.965621 88.965553
v -0.916692 -0.965621 88.956329
v -1.320272 2.987319 88.965553
v -1.316673 -0.965621 89.123032
v -0.913094 -0.965621 89.113808
v -1.316673 2.987319 89.123032
v -0.913094 2.987319 89.113808
v -0.916692 2.987319 88.956329
vt 0.125000 0.500000
vt 0.375000 0.500000
vt 0.375000 0.750000
vt 0.125000 0.750000
vt 0.375000 0.000000
vt 0.625000 0.000000
vt 0.625000 0.250000
vt 0.375000 0.250000
vt 0.625000 0.750000
vt 0.625000 1.000000
vt 0.375000 1.000000
vt 0.625000 0.500000
vt 0.875000 0.500000
vt 0.875000 0.750000
vn 0.0000 -1.0000 0.0000
vn -0.0229 0.0000 -0.9997
vn -0.9997 0.0000 0.0228
vn 0.0229 0.0000 0.9997
vn 0.0000 1.0000 0.0000
vn 0.9997 0.0000 -0.0228
usemtl Material.003
s off
f 122/211/91 125/212/91 124/213/91 121/214/91
f 121/215/92 123/216/92 128/217/92 122/218/92
f 124/213/93 126/219/93 123/220/93 121/221/93
f 125/212/94 127/222/94 126/219/94 124/213/94
f 127/222/95 128/223/95 123/224/95 126/219/95
f 122/218/96 128/217/96 127/222/96 125/212/96
v 1.548144 1.477294 93.759163
v -0.326645 1.477294 97.140381
v 1.548144 1.709498 93.759163
v -0.804913 1.477294 92.454468
v -2.679701 1.477294 95.835686
v -0.804913 1.709498 92.454468
v -2.679701 1.709498 95.835686
v -0.326645 1.709498 97.140381
vt 0.125000 0.500000
vt 0.375000 0.500000
vt 0.375000 0.750000
vt 0.125000 0.750000
vt 0.375000 0.000000
vt 0.625000 0.000000
vt 0.625000 0.250000
vt 0.375000 0.250000
vt 0.625000 0.750000
vt 0.625000 1.000000
vt 0.375000 1.000000
vt 0.625000 0.500000
vt 0.875000 0.500000
vt 0.875000 0.750000
vn 0.0000 -1.0000 -0.0000
vn 0.8746 0.0000 0.4849
vn 0.4849 0.0000 -0.8746
vn -0.8746 0.0000 -0.4849
vn 0.0000 1.0000 -0.0000
vn -0.4849 0.0000 0.8746
usemtl Material.003
s off
f 130/225/97 133/226/97 132/227/97 129/228/97
f 129/229/98 131/230/98 136/231/98 130/232/98
f 132/227/99 134/233/99 131/234/99 129/235/99
f 133/226/100 135/236/100 134/233/100 132/227/100
f 135/236/101 136/237/101 131/238/101 134/233/101
f 130/232/102 136/231/102 135/236/102 133/226/102
v 0.623701 -1.904701 102.043434
v 2.387637 -1.904701 102.712326
v 0.623701 -0.265079 102.043434
v 0.375759 -1.904701 102.697281
v 2.139696 -1.904701 103.366173
v 0.375759 -0.265079 102.697281
v 2.139696 -0.265079 103.366173
v 2.387637 -0.265079 102.712326
vt 0.125000 0.500000
vt 0.375000 0.500000
vt 0.375000 0.750000
vt 0.125000 0.750000
vt 0.375000 0.000000
vt 0.625000 0.000000
vt 0.625000 0.250000
vt 0.375000 0.250000
vt 0.625000 0.750000
vt 0.625000 1.000000
vt 0.375000 1.000000
vt 0.625000 0.500000
vt 0.875000 0.500000
vt 0.875000 0.750000
vn 0.0000 -1.0000 -0.0000
vn 0.3546 0.0000 -0.9350
vn -0.9350 0.0000 -0.3546
vn -0.3546 0.0000 0.9350
vn 0.0000 1.0000 0.0000
vn 0.9350 0.0000 0.3546
usemtl Material.003
s off
f 138/239/103 141/240/103 140/241/103 137/242/103
f 137/243/104 139/244/104 144/245/104 138/246/104
f 140/241/105 142/247/105 139/248/105 137/249/105
f 141/240/106 143/250/106 142/247/106 140/241/106
f 143/250/107 144/251/107 139/252/107 142/247/107
f 138/246/108 144/245/108 143/250/108 141/240/108
v 1.155436 -2.780400 108.245010
v 1.155728 -2.780400 108.294754
v 1.155436 0.185897 108.245010
v -1.086927 -2.780400 108.258148
v -1.086635 -2.780400 108.307892
v -1.086927 0.185897 108.258148
v -1.086635 0.185897 108.307892
v 1.155728 0.185897 108.294754
vt 0.125000 0.500000
vt 0.375000 0.500000
vt 0.375000 0.750000
vt 0.125000 0.750000
vt 0.375000 0.000000
vt 0.625000 0.000000
vt 0.625000 0.250000
vt 0.375000 0.250000
vt 0.625000 0.750000
vt 0.625000 1.000000
vt 0.375000 1.000000
vt 0.625000 0.500000
vt 0.875000 0.500000
vt 0.875000 0.750000
vn 0.0000 -1.0000 0.0000
vn 1.0000 0.0000 -0.0059
vn -0.0059 0.0000 -1.0000
vn -1.0000 0.0000 0.0059
vn 0.0000 1.0000 0.0000
vn 0.0059 0.0000 1.0000
usemtl Material.003
s off
f 146/253/109 149/254/109 148/255/109 145/256/109
f 145/257/110 147/258/110 152/259/110 146/260/110
f 148/255/111 150/261/111 147/262/111 145/263/111
f 149/254/112 151/264/112 150/261/112 148/255/112
f 151/264/113 152/265/113 147/266/113 150/261/113
f 146/260/114 152/259/114 151/264/114 149/254/114
v -1.786548 -3.401335 112.423523
v -0.925843 -3.401335 113.574005
v -1.786548 0.386288 112.423523
v -2.708585 -3.401335 113.113327
v -1.847880 -3.401335 114.263809
v -2.708585 0.386288 113.113327
v -1.847880 0.386288 114.263809
v -0.925843 0.386288 113.574005
vt 0.125000 0.500000
vt 0.375000 0.500000
vt 0.375000 0.750000
vt 0.125000 0.750000
vt 0.375000 0.000000
vt 0.625000 0.000000
vt 0.625000 0.250000
vt 0.375000 0.250000
vt 0.625000 0.750000
vt 0.625000 1.000000
vt 0.375000 1.000000
vt 0.625000 0.500000
vt 0.875000 0.500000
vt 0.875000 0.750000
vn 0.0000 -1.0000 0.0000
vn 0.8007 0.0000 -0.5990
vn -0.5990 0.0000 -0.8007
vn -0.8007 0.0000 0.5990
vn 0.0000 1.0000 0.0000
vn 0.5990 0.0000 0.8007
usemtl Material.003
s off
f 154/267/115 157/268/115 156/269/115 153/270/115
f 153/271/116 155/272/116 160/273/116 154/274/116
f 156/269/117 158/275/117 155/276/117 153/277/117
f 157/268/118 159/278/118 158/275/118 156/269/118
f 159/278/119 160/279/119 155/280/119 158/275/119
f 154/274/120 160/273/120 159/278/120 157/268/120
v 6.257390 0.814658 0.845555
v 6.706274 0.814658 0.220870
v 6.257390 2.152265 0.845555
v 6.262341 0.814658 0.849112
v 6.711225 0.814658 0.224428
v 6.262341 2.152265 0.849112
v 6.711225 2.152265 0.224428
v 6.706274 2.152265 0.220870
vt 0.125000 0.500000
vt 0.375000 0.500000
vt 0.375000 0.750000
vt 0.125000 0.750000
vt 0.375000 0.000000
vt 0.625000 0.000000
vt 0.625000 0.250000
vt 0.375000 0.250000
vt 0.625000 0.750000
vt 0.625000 1.000000
vt 0.375000 1.000000
vt 0.625000 0.500000
vt 0.875000 0.500000
vt 0.875000 0.750000
vn 0.0000 -1.0000 0.0000
vn -0.8121 0.0000 -0.5835
vn -0.5835 0.0000 0.8121
vn 0.8121 0.0000 0.5835
vn 0.0000 1.0000 0.0000
vn 0.5835 0.0000 -0.8121
usemtl Material.003
s off
f 162/281/121 165/282/121 164/283/121 161/284/121
f 161/285/122 163/286/122 168/287/122 162/288/122
f 164/283/123 166/289/123 163/290/123 161/291/123
f 165/282/124 167/292/124 166/289/124 164/283/124
f 167/292/125 168/293/125 163/294/125 166/289/125
f 162/288/126 168/287/126 167/292/126 165/282/126
v 5.756204 -1.671354 3.547678
v 8.167234 -1.671354 4.985722
v 5.756204 0.001552 3.547678
v 4.931962 -1.671354 4.929606
v 7.342992 -1.671354 6.367650
v 4.931962 0.001552 4.929606
v 7.342992 0.001552 6.367650
v 8.167234 0.001552 4.985722
vt 0.125000 0.500000
vt 0.375000 0.500000
vt 0.375000 0.750000
vt 0.125000 0.750000
vt 0.375000 0.000000
vt 0.625000 0.000000
vt 0.625000 0.250000
vt 0.375000 0.250000
vt 0.625000 0.750000
vt 0.625000 1.000000
vt 0.375000 1.000000
vt 0.625000 0.500000
vt 0.875000 0.500000
vt 0.875000 0.750000
vn 0.0000 -1.0000 0.0000
vn 0.5122 0.0000 -0.8588
vn -0.8588 0.0000 -0.5122
vn -0.5122 0.0000 0.8588
vn 0.0000 1.0000 -0.0000
vn 0.8588 0.0000 0.5122
usemtl Material.003
s off
f 170/295/127 173/296/127 172/297/127 169/298/127
f 169/299/128 171/300/128 176/301/128 170/302/128
f 172/297/129 174/303/129 171/304/129 169/305/129
f 173/296/130 175/306/130 174/303/130 172/297/130
f 175/306/131 176/307/131 171/308/131 174/303/131
f 170/302/132 176/301/132 175/306/132 173/296/132
v 2.913126 -1.886946 11.882393
v 5.125129 -1.886946 11.495289
v 2.913126 1.134993 11.882393
v 3.249108 -1.886946 13.802279
v 5.461112 -1.886946 13.415174
v 3.249108 1.134993 13.802279
v 5.461112 1.134993 13.415174
v 5.125129 1.134993 11.495289
vt 0.125000 0.500000
vt 0.375000 0.500000
vt 0.375000 0.750000
vt 0.125000 0.750000
vt 0.375000 0.000000
vt 0.625000 0.000000
vt 0.625000 0.250000
vt 0.375000 0.250000
vt 0.625000 0.750000
vt 0.625000 1.000000
vt 0.375000 1.000000
vt 0.625000 0.500000
vt 0.875000 0.500000
vt 0.875000 0.750000
vn 0.0000 -1.0000 0.0000
vn -0.1724 0.0000 -0.9850
vn -0.9850 0.0000 0.1724
vn 0.1724 0.0000 0.9850
vn 0.0000 1.0000 0.0000
vn 0.9850 0.0000 -0.1724
usemtl Material.003
s off
f 178/309/133 181/310/133 180/311/133 177/312/133
f 177/313/134 179/314/134 184/315/134 178/316/134
f 180/311/135 182/317/135 179/318/135 177/319/135
f 181/310/136 183/320/136 182/317/136 180/311/136
f 183/320/137 184/321/137 179/322/137 182/317/137
f 178/316/138 184/315/138 183/320/138 181/310/138
v 5.095421 -3.291880 20.950394
v 4.563619 -3.291880 20.418699
v 5.095421 0.705802 20.950394
v 7.393043 -3.291880 18.652304
v 6.861240 -3.291880 18.120609
v 7.393043 0.705802 18.652304
v 6.861240 0.705802 18.120609
v 4.563619 0.705802 20.418699
vt 0.125000 0.500000
vt 0.375000 0.500000
vt 0.375000 0.750000
vt 0.125000 0.750000
vt 0.375000 0.000000
vt 0.625000 0.000000
vt 0.625000 0.250000
vt 0.375000 0.250000
vt 0.625000 0.750000
vt 0.625000 1.000000
vt 0.375000 1.000000
vt 0.625000 0.500000
vt 0.875000 0.500000
vt 0.875000 0.750000
vn 0.0000 -1.0000 -0.0000
vn -0.7070 0.0000 0.7072
vn 0.7072 0.0000 0.7070
vn 0.7070 0.0000 -0.7072
vn 0.0000 1.0000 -0.0000
vn -0.7072 0.0000 -0.7070
usemtl Material.003
s off
f 186/323/139 189/324/139 188/325/139 185/326/139
f 185/327/140 187/328/140 192/329/140 186/330/140
f 188/325/141 190/331/141 187/332/141 185/333/141
f 189/324/142 191/334/142 190/331/142 188/325/142
f 191/334/143 192/335/143 187/336/143 190/331/143
f 186/330/144 192/329/144 191/334/144 189/324/144
v 3.578808 0.117166 24.642477
v 3.949660 0.117166 23.873091
v 3.578808 2.986462 24.642477
v 4.718076 0.117166 25.191618
v 5.088928 0.117166 24.422232
v 4.718076 2.986462 25.191618
v 5.088928 2.986462 24.422232
v 3.949660 2.986462 23.873091
vt 0.125000 0.500000
vt 0.375000 0.500000
vt 0.375000 0.750000
vt 0.125000 0.750000
vt 0.375000 0.000000
vt 0.625000 0.000000
vt 0.625000 0.250000
vt 0.375000 0.250000
vt 0.625000 0.750000
vt 0.625000 1.000000
vt 0.375000 1.000000
vt 0.625000 0.500000
vt 0.875000 0.500000
vt 0.875000 0.750000
vn 0.0000 -1.0000 -0.0000
vn -0.9008 0.0000 -0.4342
vn -0.4342 0.0000 0.9008
vn 0.9008 0.0000 0.4342
vn 0.0000 1.0000 0.0000
vn 0.4342 0.0000 -0.9008
usemtl Material.003
s off
f 194/337/145 197/338/145 196/339/145 193/340/145
f 193/341/146 195/342/146 200/343/146 194/344/146
f 196/339/147 198/345/147 195/346/147 193/347/147
f 197/338/148 199/348/148 198/345/148 196/339/148
f 199/348/149 200/349/149 195/350/149 198/345/149
f 194/344/150 200/343/150 199/348/150 197/338/150
v 5.550852 -1.762010 27.427372
v 6.213306 -1.762010 26.524378
v 5.550852 2.152051 27.427372
v 8.368545 -1.762010 29.494482
v 9.030998 -1.762010 28.591488
v 8.368545 2.152051 29.494482
v 9.030998 2.152051 28.591488
v 6.213306 2.152051 26.524378
vt 0.125000 0.500000
vt 0.375000 0.500000
vt 0.375000 0.750000
vt 0.125000 0.750000
vt 0.375000 0.000000
vt 0.625000 0.000000
vt 0.625000 0.250000
vt 0.375000 0.250000
vt 0.625000 0.750000
vt 0.625000 1.000000
vt 0.375000 1.000000
vt 0.625000 0.500000
vt 0.875000 0.500000
vt 0.875000 0.750000
vn 0.0000 -1.0000 0.0000
vn -0.8063 0.0000 -0.5915
vn -0.5915 0.0000 0.8063
vn 0.8063 0.0000 0.5915
vn 0.0000 1.0000 0.0000
vn 0.5915 0.0000 -0.8063
usemtl Material.003
s off
f 202/351/151 205/352/151 204/353/151 201/354/151
f 201/355/152 203/356/152 208/357/152 202/358/152
f 204/353/153 206/359/153 203/360/153 201/361/153
f 205/352/154 207/362/154 206/359/154 204/353/154
f 207/362/155 208/363/155 203/364/155 206/359/155
f 202/358/156 208/357/156 207/362/156 205/352/156
v 6.229082 -0.977572 32.383102
v 9.525238 -0.977572 33.386299
v 6.229082 -0.443889 32.383102
v 5.306267 -0.977572 35.415146
v 8.602423 -0.977572 36.418343
v 5.306267 -0.443889 35.415146
v 8.602423 -0.443889 36.418343
v 9.525238 -0.443889 33.386299
vt 0.125000 0.500000
vt 0.375000 0.500000
vt 0.375000 0.750000
vt 0.125000 0.750000
vt 0.375000 0.000000
vt 0.625000 0.000000
vt 0.625000 0.250000
vt 0.375000 0.250000
vt 0.625000 0.750000
vt 0.625000 1.000000
vt 0.375000 1.000000
vt 0.625000 0.500000
vt 0.875000 0.500000
vt 0.875000 0.750000
vn 0.0000 -1.0000 -0.0000
vn 0.2912 0.0000 -0.9567
vn -0.9567 0.0000 -0.2912
vn -0.2912 0.0000 0.9567
vn 0.0000 1.0000 0.0000
vn 0.9567 0.0000 0.2912
usemtl Material.003
s off
f 210/365/157 213/366/157 212/367/157 209/368/157
f 209/369/158 211/370/158 216/371/158 210/372/158
f 212/367/159 214/373/159 211/374/159 209/375/159
f 213/366/160 215/376/160 214/373/160 212/367/160
f 215/376/161 216/377/161 211/378/161 214/373/161
f 210/372/162 216/371/162 215/376/162 213/366/162
v 7.965332 -2.168987 42.005642
v 5.259874 -2.168987 42.322826
v 7.965332 0.064436 42.005642
v 7.946392 -2.168987 41.844097
v 5.240935 -2.168987 42.161282
v 7.946392 0.064436 41.844097
v 5.240935 0.064436 42.161282
v 5.259874 0.064436 42.322826
vt 0.125000 0.500000
vt 0.375000 0.500000
vt 0.375000 0.750000
vt 0.125000 0.750000
vt 0.375000 0.000000
vt 0.625000 0.000000
vt 0.625000 0.250000
vt 0.375000 0.250000
vt 0.625000 0.750000
vt 0.625000 1.000000
vt 0.375000 1.000000
vt 0.625000 0.500000
vt 0.875000 0.500000
vt 0.875000 0.750000
vn 0.0000 -1.0000 -0.0000
vn 0.1164 0.0000 0.9932
vn 0.9932 0.0000 -0.1164
vn -0.1164 0.0000 -0.9932
vn 0.0000 1.0000 -0.0000
vn -0.9932 0.0000 0.1164
usemtl Material.003
s off
f 218/379/163 221/380/163 220/381/163 217/382/163
f 217/383/164 219/384/164 224/385/164 218/386/164
f 220/381/165 222/387/165 219/388/165 217/389/165
f 221/380/166 223/390/166 222/387/166 220/381/166
f 223/390/167 224/391/167 219/392/167 222/387/167
f 218/386/168 224/385/168 223/390/168 221/380/168
v 6.074887 1.014356 50.749966
v 6.932822 1.014356 48.032761
v 6.074887 4.625196 50.749966
v 8.574688 1.014356 51.539261
v 9.432623 1.014356 48.822056
v 8.574688 4.625196 51.539261
v 9.432623 4.625196 48.822056
v 6.932822 4.625196 48.032761
vt 0.125000 0.500000
vt 0.375000 0.500000
vt 0.375000 0.750000
vt 0.125000 0.750000
vt 0.375000 0.000000
vt 0.625000 0.000000
vt 0.625000 0.250000
vt 0.375000 0.250000
vt 0.625000 0.750000
vt 0.625000 1.000000
vt 0.375000 1.000000
vt 0.625000 0.500000
vt 0.875000 0.500000
vt 0.875000 0.750000
vn 0.0000 -1.0000 0.0000
vn -0.9536 0.0000 -0.3011
vn -0.3011 0.0000 0.9536
vn 0.9536 0.0000 0.3011
vn 0.0000 1.0000 0.0000
vn 0.3011 0.0000 -0.9536
usemtl Material.003
s off
f 226/393/169 229/394/169 228/395/169 225/396/169
f 225/397/170 227/398/170 232/399/170 226/400/170
f 228/395/171 230/401/171 227/402/171 225/403/171
f 229/394/172 231/404/172 230/401/172 228/395/172
f 231/404/173 232/405/173 227/406/173 230/401/173
f 226/400/174 232/399/174 231/404/174 229/394/174
v 6.172449 -1.318296 54.824883
v 4.840899 -1.318296 54.899399
v 6.172449 1.840196 54.824883
v 6.138696 -1.318296 54.221733
v 4.807146 -1.318296 54.296249
v 6.138696 1.840196 54.221733
v 4.807146 1.840196 54.296249
v 4.840899 1.840196 54.899399
vt 0.125000 0.500000
vt 0.375000 0.500000
vt 0.375000 0.750000
vt 0.125000 0.750000
vt 0.375000 0.000000
vt 0.625000 0.000000
vt 0.625000 0.250000
vt 0.375000 0.250000
vt 0.625000 0.750000
vt 0.625000 1.000000
vt 0.375000 1.000000
vt 0.625000 0.500000
vt 0.875000 0.500000
vt 0.875000 0.750000
vn 0.0000 -1.0000 0.0000
vn 0.0559 0.0000 0.9984
vn 0.9984 0.0000 -0.0559
vn -0.0559 0.0000 -0.9984
vn 0.0000 1.0000 -0.0000
vn -0.9984 0.0000 0.0559
usemtl Material.003
s off
f 234/407/175 237/408/175 236/409/175 233/410/175
f 233/411/176 235/412/176 240/413/176 234/414/176
f 236/409/177 238/415/177 235/416/177 233/417/177
f 237/408/178 239/418/178 238/415/178 236/409/178
f 239/418/179 240/419/179 235/420/179 238/415/179
f 234/414/180 240/413/180 239/418/180 237/408/180
v 6.071854 -0.267666 61.538857
v 4.502871 -0.267666 61.359791
v 6.071854 1.926271 61.538857
v 6.203177 -0.267666 60.388203
v 4.634194 -0.267666 60.209137
v 6.203177 1.926271 60.388203
v 4.634194 1.926271 60.209137
v 4.502871 1.926271 61.359791
vt 0.125000 0.500000
vt 0.375000 0.500000
vt 0.375000 0.750000
vt 0.125000 0.750000
vt 0.375000 0.000000
vt 0.625000 0.000000
vt 0.625000 0.250000
vt 0.375000 0.250000
vt 0.625000 0.750000
vt 0.625000 1.000000
vt 0.375000 1.000000
vt 0.625000 0.500000
vt 0.875000 0.500000
vt 0.875000 0.750000
vn 0.0000 -1.0000 0.0000
vn -0.1134 0.0000 0.9936
vn 0.9936 0.0000 0.1134
vn 0.1134 0.0000 -0.9936
vn 0.0000 1.0000 -0.0000
vn -0.9936 0.0000 -0.1134
usemtl Material.003
s off
f 242/421/181 245/422/181 244/423/181 241/424/181
f 241/425/182 243/426/182 248/427/182 242/428/182
f 244/423/183 246/429/183 243/430/183 241/431/183
f 245/422/184 247/432/184 246/429/184 244/423/184
f 247/432/185 248/433/185 243/434/185 246/429/185
f 242/428/186 248/427/186 247/432/186 245/422/186
v 5.093908 -2.447864 65.149757
v 6.689701 -2.447864 64.917015
v 5.093908 -1.133781 65.149757
v 5.134817 -2.447864 65.430244
v 6.730609 -2.447864 65.197502
v 5.134817 -1.133781 65.430244
v 6.730609 -1.133781 65.197502
v 6.689701 -1.133781 64.917015
vt 0.125000 0.500000
vt 0.375000 0.500000
vt 0.375000 0.750000
vt 0.125000 0.750000
vt 0.375000 0.000000
vt 0.625000 0.000000
vt 0.625000 0.250000
vt 0.375000 0.250000
vt 0.625000 0.750000
vt 0.625000 1.000000
vt 0.375000 1.000000
vt 0.625000 0.500000
vt 0.875000 0.500000
vt 0.875000 0.750000
vn 0.0000 -1.0000 -0.0000
vn -0.1443 0.0000 -0.9895
vn -0.9895 0.0000 0.1443
vn 0.1443 0.0000 0.9895
vn 0.0000 1.0000 0.0000
vn 0.9895 0.0000 -0.1443
usemtl Material.003
s off
f 250/435/187 253/436/187 252/437/187 249/438/187
f 249/439/188 251/440/188 256/441/188 250/442/188
f 252/437/189 254/443/189 251/444/189 249/445/189
f 253/436/190 255/446/190 254/443/190 252/437/190
f 255/446/191 256/447/191 251/448/191 254/443/191
f 250/442/192 256/441/192 255/446/192 253/436/192
v 5.242836 1.412374 72.481117
v 3.347824 1.412374 72.195961
v 5.242836 4.210754 72.481117
v 5.447378 1.412374 71.121819
v 3.552366 1.412374 70.836662
v 5.447378 4.210754 71.121819
v 3.552366 4.210754 70.836662
v 3.347824 4.210754 72.195961
vt 0.125000 0.500000
vt 0.375000 0.500000
vt 0.375000 0.750000
vt 0.125000 0.750000
vt 0.375000 0.000000
vt 0.625000 0.000000
vt 0.625000 0.250000
vt 0.375000 0.250000
vt 0.625000 0.750000
vt 0.625000 1.000000
vt 0.375000 1.000000
vt 0.625000 0.500000
vt 0.875000 0.500000
vt 0.875000 0.750000
vn 0.0000 -1.0000 -0.0000
vn -0.1488 0.0000 0.9889
vn 0.9889 0.0000 0.1488
vn 0.1488 0.0000 -0.9889
vn 0.0000 1.0000 0.0000
vn -0.9889 0.0000 -0.1488
usemtl Material.003
s off
f 258/449/193 261/450/193 260/451/193 257/452/193
f 257/453/194 259/454/194 264/455/194 258/456/194
f 260/451/195 262/457/195 259/458/195 257/459/195
f 261/450/196 263/460/196 262/457/196 260/451/196
f 263/460/197 264/461/197 259/462/197 262/457/197
f 258/456/198 264/455/198 263/460/198 261/450/198
v 3.307624 0.337330 78.574081
v 6.033762 0.337330 75.787605
v 3.307624 2.892844 78.574081
v 4.381463 0.337330 79.624672
v 7.107601 0.337330 76.838196
v 4.381463 2.892844 79.624672
v 7.107601 2.892844 76.838196
v 6.033762 2.892844 75.787605
vt 0.125000 0.500000
vt 0.375000 0.500000
vt 0.375000 0.750000
vt 0.125000 0.750000
vt 0.375000 0.000000
vt 0.625000 0.000000
vt 0.625000 0.250000
vt 0.375000 0.250000
vt 0.625000 0.750000
vt 0.625000 1.000000
vt 0.375000 1.000000
vt 0.625000 0.500000
vt 0.875000 0.500000
vt 0.875000 0.750000
vn 0.0000 -1.0000 0.0000
vn -0.7148 0.0000 -0.6993
vn -0.6993 0.0000 0.7148
vn 0.7148 0.0000 0.6993
vn 0.0000 1.0000 0.0000
vn 0.6993 0.0000 -0.7148
usemtl Material.003
s off
f 266/463/199 269/464/199 268/465/199 265/466/199
f 265/467/200 267/468/200 272/469/200 266/470/200
f 268/465/201 270/471/201 267/472/201 265/473/201
f 269/464/202 271/474/202 270/471/202 268/465/202
f 271/474/203 272/475/203 267/476/203 270/471/203
f 266/470/204 272/469/204 271/474/204 269/464/204
v 4.276304 0.741865 80.892815
v 5.685707 0.741865 82.003059
v 4.276304 2.696340 80.892815
v 2.991650 0.741865 82.523613
v 4.401052 0.741865 83.633858
v 2.991650 2.696340 82.523613
v 4.401052 2.696340 83.633858
v 5.685707 2.696340 82.003059
vt 0.125000 0.500000
vt 0.375000 0.500000
vt 0.375000 0.750000
vt 0.125000 0.750000
vt 0.375000 0.000000
vt 0.625000 0.000000
vt 0.625000 0.250000
vt 0.375000 0.250000
vt 0.625000 0.750000
vt 0.625000 1.000000
vt 0.375000 1.000000
vt 0.625000 0.500000
vt 0.875000 0.500000
vt 0.875000 0.750000
vn 0.0000 -1.0000 0.0000
vn 0.6188 0.0000 -0.7855
vn -0.7855 0.0000 -0.6188
vn -0.6188 0.0000 0.7855
vn 0.0000 1.0000 -0.0000
vn 0.7855 0.0000 0.6188
usemtl Material.003
s off
f 274/477/205 277/478/205 276/479/205 273/480/205
f 273/481/206 275/482/206 280/483/206 274/484/206
f 276/479/207 278/485/207 275/486/207 273/487/207
f 277/478/208 279/488/208 278/485/208 276/479/208
f 279/488/209 280/489/209 275/490/209 278/485/209
f 274/484/210 280/483/210 279/488/210 277/478/210
v 8.208647 -1.246539 89.372620
v 8.326865 -1.246539 91.093445
v 8.208647 0.187543 89.372620
v 5.107555 -1.246539 89.585663
v 5.225774 -1.246539 91.306488
v 5.107555 0.187543 89.585663
v 5.225774 0.187543 91.306488
v 8.326865 0.187543 91.093445
vt 0.125000 0.500000
vt 0.375000 0.500000
vt 0.375000 0.750000
vt 0.125000 0.750000
vt 0.375000 0.000000
vt 0.625000 0.000000
vt 0.625000 0.250000
vt 0.375000 0.250000
vt 0.625000 0.750000
vt 0.625000 1.000000
vt 0.375000 1.000000
vt 0.625000 0.500000
vt 0.875000 0.500000
vt 0.875000 0.750000
vn 0.0000 -1.0000 0.0000
vn 0.9976 0.0000 -0.0685
vn -0.0685 0.0000 -0.9976
vn -0.9976 0.0000 0.0685
vn 0.0000 1.0000 0.0000
vn 0.0685 0.0000 0.9976
usemtl Material.003
s off
f 282/491/211 285/492/211 284/493/211 281/494/211
f 281/495/212 283/496/212 288/497/212 282/498/212
f 284/493/213 286/499/213 283/500/213 281/501/213
f 285/492/214 287/502/214 286/499/214 284/493/214
f 287/502/215 288/503/215 283/504/215 286/499/215
f 282/498/216 288/497/216 287/502/216 285/492/216
v 6.888379 0.975325 94.863495
v 7.593877 0.975325 93.436562
v 6.888379 1.804252 94.863495
v 7.314754 0.975325 95.074303
v 8.020252 0.975325 93.647369
v 7.314754 1.804252 95.074303
v 8.020252 1.804252 93.647369
v 7.593877 1.804252 93.436562
vt 0.125000 0.500000
vt 0.375000 0.500000
vt 0.375000 0.750000
vt 0.125000 0.750000
vt 0.375000 0.000000
vt 0.625000 0.000000
vt 0.625000 0.250000
vt 0.375000 0.250000
vt 0.625000 0.750000
vt 0.625000 1.000000
vt 0.375000 1.000000
vt 0.625000 0.500000
vt 0.875000 0.500000
vt 0.875000 0.750000
vn 0.0000 -1.0000 0.0000
vn -0.8964 0.0000 -0.4432
vn -0.4432 0.0000 0.8964
vn 0.8964 0.0000 0.4432
vn 0.0000 1.0000 0.0000
vn 0.4432 0.0000 -0.8964
usemtl Material.003
s off
f 290/505/217 293/506/217 292/507/217 289/508/217
f 289/509/218 291/510/218 296/511/218 290/512/218
f 292/507/219 294/513/219 291/514/219 289/515/219
f 293/506/220 295/516/220 294/513/220 292/507/220
f 295/516/221 296/517/221 291/518/221 294/513/221
f 290/512/222 296/511/222 295/516/222 293/506/222
v 8.331642 -3.932026 99.171204
v 8.767756 -3.932026 99.591011
v 8.331642 0.022733 99.171204
v 6.815934 -3.932026 100.745796
v 7.252048 -3.932026 101.165604
v 6.815934 0.022733 100.745796
v 7.252048 0.022733 101.165604
v 8.767756 0.022733 99.591011
vt 0.125000 0.500000
vt 0.375000 0.500000
vt 0.375000 0.750000
vt 0.125000 0.750000
vt 0.375000 0.000000
vt 0.625000 0.000000
vt 0.625000 0.250000
vt 0.375000 0.250000
vt 0.625000 0.750000
vt 0.625000 1.000000
vt 0.375000 1.000000
vt 0.625000 0.500000
vt 0.875000 0.500000
vt 0.875000 0.750000
vn 0.0000 -1.0000 0.0000
vn 0.6935 0.0000 -0.7204
vn -0.7205 0.0000 -0.6935
vn -0.6935 0.0000 0.7205
vn 0.0000 1.0000 0.0000
vn 0.7204 0.0000 0.6935
usemtl Material.003
s off
f 298/519/223 301/520/223 300/521/223 297/522/223
f 297/523/224 299/524/224 304/525/224 298/526/224
f 300/521/225 302/527/225 299/528/225 297/529/225
f 301/520/226 303/530/226 302/527/226 300/521/226
f 303/530/227 304/531/227 299/532/227 302/527/227
f 298/526/228 304/525/228 303/530/228 301/520/228
v 4.001890 -1.644243 108.080009
v 5.291194 -1.644243 108.117241
v 4.001890 0.349521 108.080009
v 3.896021 -1.644243 111.746666
v 5.185326 -1.644243 111.783897
v 3.896021 0.349521 111.746666
v 5.185326 0.349521 111.783897
v 5.291194 0.349521 108.117241
vt 0.125000 0.500000
vt 0.375000 0.500000
vt 0.375000 0.750000
vt 0.125000 0.750000
vt 0.375000 0.000000
vt 0.625000 0.000000
vt 0.625000 0.250000
vt 0.375000 0.250000
vt 0.625000 0.750000
vt 0.625000 1.000000
vt 0.375000 1.000000
vt 0.625000 0.500000
vt 0.875000 0.500000
vt 0.875000 0.750000
vn 0.0000 -1.0000 -0.0000
vn 0.0289 0.0000 -0.9996
vn -0.9996 0.0000 -0.0289
vn -0.0289 0.0000 0.9996
vn 0.0000 1.0000 -0.0000
vn 0.9996 0.0000 0.0289
usemtl Material.003
s off
f 306/533/229 309/534/229 308/535/229 305/536/229
f 305/537/230 307/538/230 312/539/230 306/540/230
f 308/535/231 310/541/231 307/542/231 305/543/231
f 309/534/232 311/544/232 310/541/232 308/535/232
f 311/544/233 312/545/233 307/546/233 310/541/233
f 306/540/234 312/539/234 311/544/234 309/534/234
v 7.338760 -3.686537 111.444016
v 9.269813 -3.686537 114.477577
v 7.338760 -0.414063 111.444016
v 4.090733 -3.686537 113.511589
v 6.021785 -3.686537 116.545151
v 4.090733 -0.414063 113.511589
v 6.021785 -0.414063 116.545151
v 9.269813 -0.414063 114.477577
vt 0.125000 0.500000
vt 0.375000 0.500000
vt 0.375000 0.750000
vt 0.125000 0.750000
vt 0.375000 0.000000
vt 0.625000 0.000000
vt 0.625000 0.250000
vt 0.375000 0.250000
vt 0.625000 0.750000
vt 0.625000 1.000000
vt 0.375000 1.000000
vt 0.625000 0.500000
vt 0.875000 0.500000
vt 0.875000 0.750000
vn 0.0000 -1.0000 0.0000
vn 0.8436 0.0000 -0.5370
vn -0.5370 0.0000 -0.8436
vn -0.8436 0.0000 0.5370
vn 0.0000 1.0000 0.0000
vn 0.5370 0.0000 0.8436
usemtl Material.003
s off
f 314/547/235 317/548/235 316/549/235 313/550/235
f 313/551/236 315/552/236 320/553/236 314/554/236
f 316/549/237 318/555/237 315/556/237 313/557/237
f 317/548/238 319/558/238 318/555/238 316/549/238
f 319/558/239 320/559/239 315/560/239 318/555/239
f 314/554/240 320/553/240 319/558/240 317/548/240
v 8.478539 -1.805371 -2.300032
v 11.278158 -1.805371 -3.907372
v 8.478539 -1.539934 -2.300032
v 9.908777 -1.805371 0.191118
v 12.708397 -1.805371 -1.416222
v 9.908777 -1.539934 0.191118
